,06:13,True,Tavern,0,0,0,1,1,0,0,0,0
,09:17,True,Graveyard,9,4,0,0,0,0,0,0,0
,09:19,True,Graveyard,10,5,0,0,0,0,0,0,0
,11:21,True,City,8,4,0,0,0,0,1,0,0
,16:08,True,Graveyard,8,4,1,0,0,0,0,0,0
,06:32,True,Graveyard,8,4,1,0,0,0,0,0,0
,06:33,True,Graveyard,8,4,2,0,0,0,0,0,0
,06:33,True,Graveyard,8,4,2,0,0,0,0,0,1
,06:33,True,Graveyard,8,4,3,0,0,0,0,0,1
,06:33,True,Forest,8,4,4,0,0,0,0,0,1
,06:33,True,City,8,4,4,0,0,0,1,0,1
,06:34,True,City,8,4,4,0,0,0,2,0,1
,06:34,True,City,8,4,4,0,0,0,2,0,2
,06:34,True,City,8,4,4,0,0,0,3,0,2
,08:01,True,Graveyard,8,4,1,0,0,0,0,0,0
,08:01,True,Graveyard,8,4,2,0,0,0,0,0,0
,08:02,True,Forest,8,4,1,0,0,0,0,0,0
,08:04,True,Forest,8,4,2,0,0,0,0,0,0
,08:04,True,City,8,4,2,0,0,0,1,0,0
,08:04,True,City,8,4,2,0,0,0,1,0,1
,08:04,True,City,8,4,2,0,0,0,2,0,1
,12:52,True,City,8,4,0,0,0,0,1,0,0
,12:53,True,City,8,4,0,0,0,0,2,0,0
,12:53,True,City,8,4,0,0,0,0,3,0,0
,12:55,True,City,8,4,0,0,0,0,4,0,0
,12:55,True,City,8,4,0,0,0,0,5,0,0
,12:57,True,City,8,4,0,0,0,0,6,0,0
,13:00,True,City,8,4,0,0,0,0,1,0,0
,13:49,True,City,8,4,0,0,0,0,1,0,0
,21:06,False,JulietsHouse,8,4,0,0,0,0,0,0,0

,21:35,True,Graveyard,9,4,0,0,0,0,0,0,0

,21:40,True,Forest,10,4,0,0,0,0,0,0,0

,21:42,True,Graveyard,10,4,0,0,0,0,0,0,1

,21:42,True,Graveyard,11,4,0,0,0,0,0,0,1

,21:44,True,Graveyard,12,4,0,0,0,0,0,0,1

